3 agents:

turn = 0:

test:
before train:
19.641160944550357
[7.439820585622744,
 14.252530659248798,
 20.781018774386045,
 5.429471835711659,
 38.62047189132909,
 31.27670021100431,
 20.057642372408086,
 5.643841729252477,
 14.568396616958381,
 18.096701954268017,
 29.352202619333035,
 10.336477939542148,
 9.301004337806368,
 7.67066493467495,
 37.64306315047608,
 12.6254971485354,
 11.005096745083616,
 22.621905400530046,
 46.06894414936015,
 30.03176583547575]

after train:
16.49081157391174
[21.01215804453097,
 4.716217301670693,
 27.337878709888287,
 4.948724401040942,
 30.338500722781674,
 10.048426812212309,
 9.646519637281893,
 8.8186209989258,
 12.787395553510192,
 12.48740514218606,
 25.58082003102854,
 5.860903545110117,
 0.5260879113815321,
 5.173183782924148,
 34.03600247443673,
 17.509131039045975,
 6.898021911491362,
 16.428949863171198,
 46.14734996195437,
 29.51393363366204]

turn = 1
after train:
12.531904147475226
[2.8842948234904697,
 1.488426036027701,
 2.6188245697609496,
 3.32694901571206,
 9.126696715633766,
 22.500095738124404,
 9.48633252679611,
 8.488986195284015,
 16.918917678913147,
 18.834313314190524,
 12.909540549433984,
 4.1202784939919095,
 8.78497559398328,
 10.8043996762779,
 19.963051283534003,
 27.19326877457978,
 5.874867257930802,
 21.955627460695332,
 17.817371610898217,
 25.540865634246146]

--------------------------------------------------------------------------------------------

2 agents

turn = 0:
dev:
0.4482489854097366
[0.3027490973472595,
 0.6770807504653931,
 0.44531580805778503,
 0.3579513132572174,
 0.3298579752445221,
 0.38401174545288086,
 0.34956368803977966,
 0.3959449231624603,
 0.845365047454834,
 0.3946495056152344]

test:
0.4235638022422791
[0.38328737020492554,
 0.422347754240036,
 0.6424505710601807,
 0.5040085315704346,
 0.32535678148269653,
 0.4432627856731415,
 0.28456687927246094,
 0.41430363059043884,
 0.3621178865432739,
 0.453935831785202]

turns = 1:
dev:
0.7821441501379013
[0.9390031099319458,
 1.0,
 0.7772258520126343,
 0.9374867677688599,
 0.5986794233322144,
 0.4168749749660492,
 0.6661844849586487,
 0.9230018258094788,
 1.0,
 0.5629850625991821]

test:
0.7875484570860862
[0.7367154359817505,
 0.9583954811096191,
 0.9900977611541748,
 0.898392915725708,
 0.20618979632854462,
 0.9950833320617676,
 0.5456974506378174,
 0.9136548042297363,
 0.8888406157493591,
 0.7424169778823853]

----------------------------------------------------------------------------------------

3 agents